0 0.49765625 0.22890625 0.9953125 0.4578125
0 0.51171875 0.946829255081072 0.9765625 0.10497756663917564
1 0.3734375 0.7719465785171792 0.1328125 0.05073944906292791
4 0.659375 0.4972203970052286 0.1125 0.06264841567683313
4 0.73671875 0.5074699237274058 0.0859375 0.05406302586424729
4 0.64140625 0.7180557342313894 0.1140625 0.11581887978345566
4 0.71875 0.6908052609535666 0.109375 0.11724498746358769
4 0.78125 0.6780491966886595 0.0703125 0.09579588479802066
2 0.2671875 0.9242568877675215 0.240625 0.0726264724198927
2 0.20546875 0.5026152199791174 0.2734375 0.05639371865896923
2 0.64375 0.8125187880714554 0.1484375 0.049631590129154544