3 0.5986749219391102 0.052836287217990455 0.7348498438782205 0.08413129073264711
3 0.745173167527667 0.9098802299410081 0.5096536649446659 0.18023954011798365
3 0.6535917984777566 0.6542553920565547 0.46159271049385425 0.22891713606069858
3 0.44277365669043317 0.7621812462759464 0.3504987015966055 0.18163541356328866
3 0.409756862735663 0.9386526622202449 0.24740819368794006 0.12269467555951011
3 0.561714727299768 0.31311666170126184 0.5646195514063251 0.2695849855225793
3 0.5063772643716371 0.48598692741702754 0.5090752055509382 0.20773564888098014
3 0.1682140780980708 0.37744441149637403 0.3123620316346616 0.16426382299274805
3 0.17688212946721482 0.2265732702638797 0.24791752965749522 0.15190506410140792
3 0.4749601907221905 0.13596765673886307 0.8318415434976597 0.24460221794478687
3 0.12440709239534575 0.04868155665780981 0.24741351087441493 0.06298811331561961
3 0.333183797983465 0.6369928475998539 0.21660386266130088 0.14888707195929082
4 0.65691175254582 0.83141720553879 0.086476010874415 0.05549232878371626
4 0.6299009249792219 0.8574510126108846 0.06814250494291585 0.026566808105551943