2 0.032460475779964984 0.8165500937393977 0.06492095155992997 0.23564981252120454
2 0.20150076329902747 0.3645361820364999 0.07405836189159735 0.16339286660488855
2 0.5952494568782635 0.41791906534679335 0.05040265634451409 0.15319941106992568
1 0.11688284185253413 0.7133035534507118 0.05603440729444453 0.1268551658792491
1 0.13886759783645775 0.6742856934692453 0.060976480432708424 0.1379563569862416
1 0.019508493731735913 0.5350644807627063 0.039016987463471826 0.12987103847458742
0 0.7692850625015968 0.49017853358044594 0.46012064171430644 0.9803570671608919
4 0.3038445132990275 0.3609622595338289 0.12325827488562506 0.13076390507947586
4 0.3313532238801039 0.2858432084453697 0.137248039703264 0.12812997840045365
4 0.35633634650527757 0.21861850291040685 0.11315592306201391 0.09918652286549072
4 0.5280268957078469 0.35469486824935104 0.07801851006798621 0.1323065577118811
4 0.5308265470183678 0.26794883639818556 0.0664627610179167 0.10536211179556512