4 0.9905545957372868 0.7143997352005516 0.01889080852542655 0.11913180800445425
4 0.9712590264578147 0.667025295870506 0.05748194708437069 0.09912839067472703
4 0.9126654168639673 0.5591042552116874 0.07637594655564542 0.15552384134309047
4 0.856103179796091 0.6027457145528688 0.04294366943775678 0.0801602146721816
4 0.8315949247815262 0.6467957065563688 0.07408602084968266 0.13050566000954494
4 0.9377897858268703 0.9557428978755965 0.12442042834625937 0.06876927601845395
4 0.6746773350480828 0.6525291805776858 0.09492736975432585 0.20259883601209036
4 0.629209373844454 0.7820081425843673 0.11464883636823106 0.18252269334818116
4 0.5948607690673159 0.9176098352562307 0.10909751834239997 0.1527806493475449
4 0.534400642186854 0.9347251572645032 0.1893927721033238 0.12091357869190773
1 0.5865983250189529 0.7410836979233217 0.04036423871722903 0.09887385200509069
1 0.517848325018953 0.7418836765993213 0.03415970282385157 0.10036362667090888
0 0.31142351411925795 0.5 0.6228470282385159 1