4 0.5351780293330952 0.005830110876092806 0.10785605866619044 0.011660221752185613
4 0.45722762797604233 0.06066580430358944 0.16803944183801284 0.11281634629715868
4 0.5162637743894166 0.096576171131767 0.08496486188449896 0.058806553470410215
4 0.5639582292168797 0.10501710182191493 0.14238387797604232 0.10169317599857094
4 0.6216664584337593 0.24543465219023203 0.21353761213660044 0.14087564431968724
4 0.7551345222957296 0.24552249747898455 0.20202095792955604 0.15406405917039337
4 0.8984474797210827 0.2292205182621049 0.19075567599857096 0.1486117346647612
4 0.9220849445619536 0.27776192506703934 0.15583011087609294 0.21314412822814396
1 0.7327403522492435 0.2957627980994032 0.10237088317182241 0.06313342055068931
1 0.7567512886393745 0.3584595400536315 0.10204310124083733 0.05844592055068931
0 0.5096695669640636 0.6033178440282448 0.9806608660718729 0.7933643119435103