3 0.48783069375647276 0.9173513061258532 0.21703395273377613 0.16529738774829356
3 0.4708067207437794 0.8147821211747761 0.21106817599857094 0.15121099295103022
3 0.4484561093634835 0.7188417365267601 0.2517695856534969 0.1776084722051058
3 0.4443802505810777 0.6423500915057819 0.25485102698730666 0.13276956888575775
3 0.44111849278740756 0.5879110452400484 0.26520937278026224 0.14754246390673592
3 0.4181069637064139 0.535117009347277 0.22894409084927717 0.1401317829929864
3 0.38381372720006723 0.4751849796782828 0.27102233020561534 0.14176606058738805
3 0.43447999873949233 0.4020560556130105 0.34315941015912904 0.19541312407456105
3 0.3540001770838518 0.3511904500092888 0.24547602698730664 0.13205917386477967
3 0.3941113608760928 0.2717639817528753 0.40039275595208473 0.21373799420042996
3 0.3675102920704439 0.1692183995943703 0.4563585326872898 0.25838856598597276
3 0.27784114071339105 0.09252399979950734 0.39431771857321785 0.1713136958601039