3 0.5464972887043211 0.8890080025318887 0.21041347316352949 0.16948415389834964
3 0.5336992951827262 0.7622818114248961 0.21512195712440044 0.12131947241000382
3 0.513659300581397 0.6563492699550839 0.25548614126984165 0.14299606496827516
3 0.513039934449983 0.5737004610620764 0.27239423658176454 0.09058039309857638
3 0.5116288263381334 0.5151885566155727 0.27954540252860854 0.1048611479078998
3 0.4890238386766346 0.4543775421876025 0.2390205320782579 0.10500499164729753
3 0.4534182032668891 0.38531751814098536 0.2867571252307126 0.09575896641955399
3 0.5120934939830203 0.315652348085385 0.3627979935215951 0.13894846042910433
3 0.4275194324473982 0.24877981741534594 0.25989423658176475 0.09014388347992952
3 0.4747065106404581 0.17013895144342958 0.424336270819491 0.15045144482000766
3 0.4517114967607975 0.0789137507177902 0.47842299352159506 0.14298617440158762