2 0.10500993693064131 0.11522391062216575 0.20467263103285877 0.1008021787556685
2 0.5627976442797027 0.15510212684482172 0.15832342068857255 0.06847552616718491
2 0.6061533517135821 0.5447792768730566 0.14963790145127884 0.04302049985882572
1 0.2170039946425224 0.1838535423051363 0.12345734736759484 0.0524109104104042
1 0.2580109405588384 0.19242490550166821 0.1328869110699257 0.054519441980435304
1 0.3579414747722566 0.027750879087428227 0.12512897477225646 0.055501758174856454
0 0.516507976038201 0.764264295218321 0.9669840479235982 0.47001532537660856
4 0.5896180938242157 0.250612047919744 0.11955358656782167 0.1192343893637168
4 0.66723466233587 0.25391978746698746 0.11681053248413775 0.12998987884037314
4 0.7362029171451935 0.2561655559534261 0.08959326805616748 0.1096927893919517
4 0.649437071043543 0.46162587165373703 0.12567461179556502 0.07125191567207594
4 0.7315402429132419 0.4364900927851291 0.10201885698624161 0.06363683674699842