3 0.5985348873241186 0.8639233067691704 0.19593579952888868 0.15744903855474385
3 0.5948057116406928 0.7496061387843929 0.19835817049962934 0.11395370653952135
3 0.6005977989167579 0.6545018858186433 0.23593608294074056 0.1341680474519924
3 0.5909111491523136 0.5796292198110321 0.24746005183796277 0.08792971741393636
3 0.5846324633841193 0.5257866368072265 0.2562294590952776 0.09918555239490826
3 0.597885027615925 0.47114821635099097 0.2188661601320369 0.099220044486243
3 0.6215282877006937 0.4098141269213948 0.26193265494824053 0.09319022037968576
3 0.5601813931200456 0.3448868052862957 0.3308384798304626 0.13336423421985036
3 0.6286976557967124 0.2856444564651593 0.23652255183796278 0.08748404844057553
3 0.577028557587407 0.21483454935479665 0.387771985014259 0.14346874608284832
3 0.5844125391612961 0.11104104589475552 0.4389435057494442 0.17669242296487447
3 0.6564447811027777 0.03745228456323006 0.38788956220555537 0.07490456912646012