4 0.5531990796010409 0.44733558047455924 0.12734815128862387 0.17375597758022465
4 0.4696352278374471 0.30749208835046704 0.10662621551297527 0.16428538273097573
4 0.3714766095655099 0.15634443440766402 0.13416471732199753 0.21476361485312828
4 0.2314757293077851 0.11224413485700761 0.2410764586155702 0.20637677212991123
4 0.6755565999545714 0.1399371529040329 0.14297315128862387 0.17503143515657005
4 0.9620872421980838 0.23475441382405648 0.07582551560383237 0.2906247421240922
4 0.8827737149471483 0.42756405397189806 0.07489153663473154 0.12279951333591957
4 0.8571053296010408 0.47214323033447647 0.0512150192218769 0.086638872729036
1 0.9881661425821967 0.40581621291567094 0.023667714835606545 0.0672511439408634
1 0.4524311177061103 0.37998897062240083 0.03798467887824373 0.04199605242559432
1 0.411812761758645 0.3471128266815374 0.032874454997525684 0.09292082363742163
0 0.2672659808896648 0.56875 0.5201198224764932 0.8625
0 0.9477458604700211 0.6866853807741217 0.10450827905995794 0.6266292384517567
4 0.7206598965389256 0.5255716350261854 0.03666119629109836 0.07611596091032524
4 0.7545369295556124 0.5485625959365107 0.029101001809022264 0.05060577787978708
4 0.8157610345985665 0.5590056304842577 0.061566021030899164 0.1357141015172086
4 0.6191040405914603 0.4877212065375752 0.042665534825709096 0.0719386439408634