4 0.45859375 0.0071083876112979175 0.1171875 0.014216775222595835
4 0.48984375 0.02714505908277993 0.096875 0.05429011816555986
4 0.56875 0.08913537570712846 0.15 0.10580152179152655
4 0.515625 0.13035023759162745 0.078125 0.05702553218308672
4 0.471875 0.14512828561415603 0.1265625 0.09635011213660052
4 0.19375 0.03060550779367014 0.171875 0.06121101558734028
4 0.4265625 0.28267184428034636 0.19375 0.13229831981405518
4 0.303125 0.29989718512962343 0.1796875 0.14537747402109957
4 0.16640625 0.30320749145002523 0.16875 0.13836264951546742
4 0.1109375 0.34849249430001683 0.209375 0.21932842625067242
1 0.3265625 0.3443520254746974 0.0921875 0.059571377976042325
1 0.30859375 0.4049835228768073 0.090625 0.053212117332380515
0 0.5 0.6087865940282449 1 0.7824268119435104