3 0.027901488852135177 0.6453126289379539 0.055802977704270354 0.7093747421240921
3 0.8800613884444772 0.6560139784498169 0.1749764007759751 0.5471615266718391
3 0.6213908648113652 0.5893517343688707 0.20537445893796225 0.44866012485506807
3 0.7374686049240081 0.36237503300144314 0.1635697351689643 0.33960411818710823
3 0.920089716808507 0.2946460437522888 0.1238738146182751 0.23848815727678296
3 0.2891682266958641 0.5636490722602957 0.24038287948865164 0.5493934484924896
3 0.4630534769479658 0.476436630435766 0.18074579953513775 0.4963643012176462
3 0.3717007653352387 0.15873778696364288 0.14772621388164087 0.31747557392728576
3 0.22203961892186447 0.20170679483955065 0.1380455752619368 0.2411985690954938
3 0.11875717372965704 0.5123091971153637 0.20281644955480832 0.8119893012176463
3 0.03721595872429808 0.16718762893795389 0.07443191744859616 0.2859372421240922
3 0.6190788738655431 0.27804744361220596 0.13586036238870208 0.20994856909549373
4 0.7958663409261517 0.5603504052714372 0.049322292826748534 0.08325878121376692
4 0.8237781734775554 0.5277771502704673 0.02322968639013112 0.06559304909161448