0 0.7660992715745983 0.8419508337600476 0.422870513327835 0.22936721728842074
2 0.9161434210206025 0.615915007996594 0.16087531551854822 0.0645721672787225
2 0.6007337181967507 0.541424159523501 0.08992631802583091 0.03695760818516849
3 0.7570767141066227 0.16729997286911893 0.48584657178675456 0.33459994573823787
3 0.7830664965682808 0.5907551245167122 0.30622858260730723 0.23855128546583088
3 0.6939311033904828 0.7570016199747844 0.2099325926364372 0.1433985400077585
3 0.4510054689881736 0.8590575539234063 0.2530581185006847 0.2326522297062567
3 0.53430839931299 0.6807574686170551 0.25122283386094857 0.22314968394862209
3 0.5939297887298641 0.5498106154328564 0.12813702335696497 0.11801616061076281
3 0.9129044799417404 0.357145914814335 0.17419104011651926 0.17755039940087514
3 0.6549856460142847 0.38742244361220596 0.5133256802583095 0.3380722797159549
3 0.4223333042357774 0.13960502075278539 0.33529160847155487 0.27921004150557077