1 0.9907839809142047 0.29516627032979087 0.01843203817159065 0.09313305737069441
4 0.794753874855068 0.15683438820531187 0.1279652454580722 0.09655030452090285
4 0.6907680054600117 0.12951078163204804 0.08711710485118865 0.07376611474138897
4 0.9347575083349497 0.1400436656563881 0.13048498333010058 0.154762848023889
4 0.847416682656085 0.34776720630958263 0.30516663468782995 0.25585648860083354
4 0.7069186481929272 0.27941986265409663 0.2500311772806622 0.216356271085903
4 0.6892843512273447 0.38941311170416615 0.24394067394668237 0.19905966831236127
4 0.7802753683562861 0.5931544011230897 0.2249355824314133 0.19549825721819455
4 0.8643403297859964 0.8195155729508328 0.2713193404280073 0.27191659327423634
4 0.8458194595816911 0.9454247627303467 0.2497446506088231 0.07911084422416685
4 0.9639818491013127 0.6406067101093047 0.0720363017973746 0.22144120174736132