0 0.5259715371328207 0.7677153346781315 0.9480569257343585 0.4643142391284682
0 0.49915484818322886 0.0375 0.9983096963664577 0.075
1 0.4429838228885156 0.22415639543867547 0.14445137272903602 0.05835411818710821
4 0.7942903288075694 0.4620879905777885 0.12515923879011231 0.06919602333785928
4 0.8747910297159549 0.4366418383019754 0.09652405575957416 0.06065019970043757
4 0.7383121694047545 0.22914781588220007 0.12987843182259 0.12700852333785928
4 0.8251902871328207 0.24329032209111787 0.1223210233378591 0.1294957945496865
4 0.8945780159209935 0.24549080875519835 0.08160042848861053 0.10599465060882318
2 0.30379429288269655 0.07980010180707282 0.2629143303053814 0.08354505000969832
2 0.306391587142519 0.5451698813538499 0.2971937354561325 0.06616610243529272
2 0.7259878994008752 0.12634168027628642 0.1629462812137671 0.05675966727872259