3 0.4941120973382616 0.06232147862937567 0.7725991946765232 0.12464295725875134
3 0.7588390780980708 0.8139544950024005 0.4823218438038584 0.2982099278134719
3 0.6465433024320892 0.5967455294452795 0.4961533942959626 0.3257662427505375
3 0.45684808554962564 0.768635875300739 0.3779180474519924 0.2529422041584738
3 0.4530267016709676 0.9248742199067987 0.25981535178688586 0.10691746390673593
3 0.4957050667293643 0.27982090641962565 0.6045044051703773 0.385379886321623
3 0.47062810676698286 0.4721510389930491 0.5375768903416297 0.31021302034493914
3 0.14947334836402587 0.45651991929138747 0.2687685405319102 0.211960161417225
3 0.12064139973316987 0.30667420725875133 0.22307403855474378 0.1991515854824973
3 0.4044049515966055 0.165625 0.808809903193211 0.33125
3 0.07184977817462047 0.12856178526807147 0.137205522737413 0.11787642946385705
3 0.32608356380079584 0.6751012080839439 0.24150570357377185 0.1927598755244535
4 0.6827712569944444 0.7742426447972635 0.09486151384016459 0.07261055103961844
4 0.6599213474126238 0.8096715819347905 0.07171317391627667 0.03970296265733601