4 0.31095555782374806 0.9982299480334476 0.11556621140435182 0.003540103933104888
4 0.13220796682448924 0.784135626063016 0.09117038708777754 0.13775483363936125
4 0.15840002846439677 0.7288740412157066 0.06357306738935167 0.1060266015172088
4 0.18619425485448957 0.6209976393989355 0.08913899538185159 0.14999974212409217
4 0.24992456418532286 0.6401619697043169 0.04167894354388881 0.06855855242559432
4 0.28706297921833207 0.6656879992510939 0.06954966531583313 0.10341178454774677
4 0.45243370099027647 0.7117652580450857 0.13046662441111073 0.19681084030732093
4 0.3866528761080543 0.6691634277397042 0.04277255183796278 0.08105855242559432
4 0.538916588078054 0.8491374544115434 0.13786902130083298 0.19276106909549356
4 0.6158782122063409 0.9422982966757185 0.12134590263916642 0.11540340664856288
1 0.717342967390137 0.9529965516766883 0.2181429901980554 0.09400689664662351
1 0.5591320517914801 0.7964906865336958 0.04142466531583313 0.10111596091032524
0 0.6164660981628226 0.7957411295661737 0.04808476842611089 0.1063136439408634
0 0.68359375 0.514986626522058 0.6328125 0.9700267469558842