0 0.23192761267591364 0.8254101746896808 0.3601375522890183 0.2820703493793616
2 0.12167166121673234 0.5446863386775904 0.1666206601678252 0.07687267735518084
2 0.45365628964097093 0.5891385093889066 0.09190408008391274 0.03853633601209037
3 0.38255515871793266 0.1761748853834977 0.6401103174358653 0.3508952640833598
3 0.2595035479393407 0.5712681146960441 0.3322959722051057 0.24427944804263432
3 0.29534965001857755 0.7558976533656804 0.22651772365499817 0.14625902402927124
3 0.501484018694554 0.9080226800206809 0.27045790041956297 0.1839546399586382
3 0.47445680956170283 0.7400288473901793 0.27786858133331227 0.22647378270208912
3 0.4574916846619491 0.5985498720559974 0.14169243776222676 0.11873291335136286
3 0.17333629191605607 0.29941074868713546 0.26108290041956284 0.1903726507001803
3 0.44837402594401643 0.4267203253898611 0.5462419182657022 0.34824188407063306
3 0.7704821338228234 0.22752249343567713 0.3903004942004298 0.39169988804899775