4 0.642315125323961 0.5206963786047325 0.18350142946385706 0.13382152985783763
4 0.7521026771887719 0.42372190553570377 0.17270563942190087 0.11501698770335995
4 0.8684003381817897 0.3096053842620732 0.22171182448483506 0.14341469847574836
4 0.8725881628671175 0.16906674267332958 0.24214456888575775 0.24817492134838534
4 0.944772661417225 0.6014752425751337 0.11045467716554995 0.14931017447164335
4 0.9193493767738534 0.907507073957223 0.16130124645229316 0.12474651170746469
4 0.7692975581118103 0.8361400923039872 0.1279133576783142 0.0803965480082102
4 0.7178175684847725 0.8163179508134395 0.08695647095570588 0.05516928903121965
1 0.8276446996083034 0.9465872337945349 0.07062107593472752 0.04570338544042372
1 0.6756702317528753 0.4146872731203423 0.045147479254075584 0.039307939695149584
1 0.6950705045733921 0.37185033332699674 0.09346658008391255 0.03802724082661779
0 0.43821500809787706 0.26961917105379773 0.8764300161957541 0.5392383421075955
0 0.49165965541716233 0.9314227168225127 0.7338566269743462 0.1371545663549746
4 0.620786435286649 0.6900276407049809 0.07784158008391255 0.03793633723582168
4 0.6086658662003985 0.7258787822937245 0.05236798340326043 0.03154089149054791
4 0.6195334338367566 0.7868526437300429 0.13946616431700995 0.06796927088084707
4 0.6248092392260525 0.588533318398078 0.07386447510489055 0.04728406615858276