1 0.9744665699901024 0.7696212545771862 0.051066860019795254 0.07864315046753809
4 0.7451607660540581 0.8657912308676687 0.11815685775648746 0.07878859621281223
4 0.6370992825624016 0.8753157009116354 0.07819359905006032 0.06137383723582168
4 0.9139252176606817 0.925498549854922 0.17214956467863657 0.12313855991206672
4 0.827027162481442 0.6842917668738264 0.3108091044771271 0.20799534894328656
4 0.6620915592475102 0.7262878484523073 0.22208079715018095 0.18404878883482817
4 0.6521256597679086 0.6106401225546082 0.22282442559888338 0.16843287919390768
4 0.7568563461093843 0.4183395139469601 0.20094942559888337 0.16830561416679296
4 0.8666496687014785 0.2034190167756305 0.25463434757972225 0.23890900565734077
4 0.8568984531885032 0.04715992641655089 0.23567190637700647 0.08572037314378342
4 0.9654689490046318 0.4079161401158057 0.06906210199073648 0.22080337939029934