4 0.9564966702291795 0.82265625 0.08700665954164108 0.1078125
4 0.6971734268265901 0.95 0.12378449247815268 0.065625
4 0.6445425203209572 0.91328125 0.09493206677218975 0.040625
4 0.5399854009623427 0.8640625 0.1361026360516618 0.059375
4 0.5585475328573695 0.80390625 0.060193353919208194 0.028125
4 0.5842007507249158 0.77265625 0.09515938730530316 0.0484375
4 0.630526518275893 0.61953125 0.17455738229073817 0.0921875
4 0.5884132261143096 0.67578125 0.07416492570596293 0.025
4 0.7647818463308538 0.56171875 0.17165970282385157 0.1
4 0.9048323929134352 0.51015625 0.19033521417312968 0.0875
1 0.9194924549021692 0.41328125 0.16101509019566151 0.1875
1 0.7138952962517117 0.53125 0.09594899749271768 0.021875
0 0.7138438204666064 0.47578125 0.09916492570596276 0.025
0 0.5 0.28203125 1 0.5640625