4 0.1949119633195461 0.1106957131917851 0.13384883601209036 0.0952483416039979
4 0.25399606198281893 0.13846114826180766 0.1007090720082724 0.06559507485477489
4 0.36539663864577365 0.1710082826698765 0.14474997334499945 0.09263276385373889
4 0.3568477946371832 0.23392565963434722 0.0645352146721816 0.043608758891340214
4 0.3368892832988652 0.26973472704552404 0.10234429734245412 0.07191784946188076
4 0.3170478559436844 0.42983531906380656 0.1905533693507265 0.13693072745980875
4 0.34904329061904765 0.36722831120592375 0.07701703333863605 0.042628455748187036
4 0.19496322326545767 0.5093515370131027 0.18748291335136277 0.1414726782455972
4 0.08370519396484252 0.5813827406943751 0.16741038792968505 0.1268279813887503
1 0.0827524825748224 0.6807834272121397 0.1649726613621805 0.22006855913900908
1 0.2494143659293669 0.5322111482618077 0.10049089600572705 0.04684507485477489
0 0.2589342692552763 0.5873716832079958 0.10365225867281787 0.05011562406898662
0 0.49807277864418287 0.665625 0.9961455572883657 0.66875