2 0.41801094343706585 0.4070286610275143 0.8360218868741317 0.21875517794497146
4 0.03703821979604134 0.8489030736122654 0.07407643959208268 0.1490688527754692
4 0.1150287479127077 0.7586508053234767 0.12242182028847229 0.09552735870696819
4 0.16246483273447845 0.8667697114452562 0.11751611474138897 0.08596135771838505
4 0.2342872409788535 0.7654990301146057 0.07801720364722228 0.06561968281352507
4 0.21012434878638828 0.6970182855518132 0.12372974715020843 0.08465352570316256
4 0.2702072103936452 0.731254022700232 0.06046602773541672 0.049294345855386903
4 0.25763578163204803 0.6677645256659815 0.08401263050895835 0.05493685079830275
4 0.22140995374413147 0.5474812005708414 0.0778353656913195 0.05780718281352506
4 0.2743531157882287 0.5531290227002319 0.08088763050895835 0.05480951680591399
1 0.0717161918699998 0.4655348166921833 0.1434323837399996 0.04361203163466172
0 0.5 0.1960619165019028 1 0.3921238330038056