2 0.5368892526019918 0.5682247053610265 0.42234406377006606 0.8503501964259824
4 0.0384528318643484 0.8559948555198871 0.0769056637286968 0.11926028896022593
4 0.10342722015113193 0.7966823108776184 0.1277642311168074 0.14428756249917604
4 0.03370777815544673 0.7186448599841139 0.06741555631089347 0.13771028003177221
4 0.13016786182881743 0.6736715048712639 0.0844369549975256 0.09201595048646745
4 0.1895937714851844 0.7163442000827256 0.1167448439616777 0.14253414772652384
4 0.1729661934660232 0.64638625608908 0.0629780348257091 0.06978639448011296
4 0.2322659503634282 0.6765725880700166 0.07687011646291486 0.09656708279171564
4 0.3402178912274596 0.7464975300350674 0.07810506784239583 0.09034435633066593
4 0.34933394165700093 0.6917009358792661 0.07670634215265544 0.09344208279171565
1 0.3812103041631869 0.9174997767886566 0.07792800542706697 0.146539809252765
0 0.7249524966090981 0.5095240409954113 0.5453455517842783 0.9633332118472578