4 0.05140835345698985 0.341338360565696 0.071887023356965 0.11181673151356133
2 0.45382762595602505 0.5894532819935542 0.12751724623907634 0.04018392619541977
2 0.5342054477427796 0.5816415110174539 0.05840353338609496 0.023679694681858442
3 0.4739820354311589 0.2869884346526249 0.6545202962517115 0.5684711520237863
3 0.497366744985435 0.036469579066252075 0.49473348997087 0.07293915813250415
3 0.1510600463182186 0.06237119738328151 0.2396200926364372 0.12474239476656301
3 0.08123722360702712 0.6941070447947979 0.13710547571859819 0.5305359104104042
3 0.20518553747622295 0.5968918685993782 0.2224446159934022 0.24693372611071512
3 0.3290011221951013 0.6295917055581379 0.17153533386094857 0.2127715577372161
3 0.4453093984550602 0.8615025872411085 0.6550752595669115 0.26589218359381733
3 0.45499532086231775 0.6026890293627182 0.13846676959604132 0.148451452503779
3 0.5497431826990848 0.712208971554915 0.3051374440483629 0.1940355102409951