4 0.939506377867998 0.52421875 0.0882490228654909 0.1109375
2 0.5065178069940909 0.37265625 0.12329365626060226 0.040625
2 0.432261851459128 0.39609375 0.0555605192372937 0.025
3 0.5457513994675443 0.65859375 0.6662451143274538 0.5546875
3 0.5777999745178025 0.9265625 0.48169148801910033 0.146875
3 0.8744964144436687 0.8421875 0.19960816351699648 0.2125
3 0.8718303268643567 0.225 0.24383934627128667 0.45
3 0.7404315047245055 0.31875 0.23022324645662096 0.2390625
3 0.6179935095338289 0.3125 0.18058534500534212 0.2046875
3 0.4588888719623661 0.12578125 0.6415972560752679 0.2515625
3 0.5037747529104069 0.36171875 0.1440823606144388 0.14375
3 0.3934399428362731 0.27734375 0.30191470798203357 0.1890625