2 0.7254444115944958 0.9872639612837508 0.23056476099766207 0.025472077432498352
2 0.3050997132588141 0.8035827299731843 0.1716633576783142 0.09126912822814397
2 0.4242948020653037 0.4121543366619031 0.15883147095570588 0.06550430372251163
1 0.6439711138788696 0.9230964625442585 0.13262416846619499 0.06833437278026225
1 0.6089691518462335 0.8978725874182079 0.1407918659766839 0.07356817599857095
1 0.44588696615859913 0.9877724236527825 0.13394987012586873 0.0244551526944349
0 0.5040442694965246 0.2614384246611886 0.9919114610069508 0.5169767745646436
4 0.3192232580746551 0.7001135225478312 0.14240283278320492 0.1358496547112475
4 0.2473132918928341 0.6644548919738987 0.14190592531467222 0.14980289406758587
4 0.18297902737068705 0.6324675646182751 0.11044243776222676 0.12428944183801285
4 0.34973158733337517 0.473698488018956 0.13896925684847722 0.09053715471124732
4 0.26186473442894576 0.46205651165206796 0.11314046265733602 0.07785148441265974