0 0.8984803473911624 0.7430073487284705 0.1979123426967707 0.46396262959490714
2 0.7075230284039093 0.903033274458379 0.0731385599120669 0.19393345108324206
2 0.5845092718628058 0.5654620898214804 0.03491133118569749 0.09519492280870363
3 0.20100746721529622 0.7296875 0.40201493443059244 0.540625
3 0.6584502450300302 0.7540549895859247 0.23464875253408266 0.3359934544771292
3 0.8168763442679046 0.6623930442986096 0.1387544695529872 0.22765469123481452
3 0.8847506872592629 0.4158590883608779 0.22024990924813678 0.2769506451462959
3 0.7185666301758663 0.49746252846439676 0.22025899960721648 0.27851314514629594
3 0.5915859736582039 0.558264744486897 0.11483518052176755 0.1427916756834257
3 0.4456724681972548 0.8937772687089348 0.18735559601642038 0.21244546258213043
3 0.43332804606330255 0.6210204397742121 0.33117936065075143 0.5537072177194439
3 0.1431863977370637 0.37976399538185157 0.2863727954741274 0.3720279907637032