4 0.609929005602674 0.4741032212177435 0.17641964247680555 0.13216180262104177
4 0.7513365620234379 0.5445456206284034 0.1666445989738195 0.11475609707395833
4 0.8984790932742364 0.6308675931773271 0.20304181345152728 0.14397212480937505
4 0.9220990844405211 0.7673869746362161 0.1558018311189578 0.24927656743868062
4 0.9124331437110765 0.32029376908913265 0.16740831838861112 0.1475685970739585
4 0.8131909842324305 0.04859864741388957 0.28263196846486094 0.06592116641250023
4 0.6263287234988543 0.1387294188810422 0.1236570119678472 0.07939917211208343
4 0.5825430091180557 0.16972419253239632 0.08717399810013901 0.055125217514930644
1 0.6456034407294444 0.02751981515756998 0.06620688145888884 0.026527438829583395
1 0.6785354948690976 0.5701800938429172 0.04149782218833344 0.03844555737069442
1 0.7129838832618407 0.6076807470532992 0.09142508700597211 0.03648432028847228
0 0.4721439437666673 0.7500727351823612 0.9085126291777783 0.4998545296352777
0 0.3400814457634376 0.08521733349059056 0.6801628915268751 0.17043466698118112
4 0.5304564450978475 0.3137456430454866 0.07587282218833344 0.03924564437666671
4 0.5070364756830557 0.2804058129733685 0.05069098423243048 0.030851262917777865
4 0.49624313962701405 0.21925010742628515 0.13746493882958344 0.06878898043270842
4 0.569429985751042 0.4114752814382296 0.07289329255305557 0.04542290919430556