2 0.5139497694352151 0.37029176583160783 0.9300226711886312 0.2893652467469986
4 0.909621105804723 0.7840080235455409 0.08863860271317883 0.165426176947517
4 0.8314844162606109 0.7003109078793841 0.1428464389258032 0.11018529788867966
4 0.7814367466131392 0.8237035434310434 0.13599566162790744 0.10070120373287814
4 0.7041511582410465 0.7267251777648864 0.09220608883351815 0.07496481818121907
4 0.7293199413990386 0.6505893717585322 0.14214553207825792 0.09924779788867966
4 0.6655788140088574 0.6954030397775953 0.07069203423772627 0.055860262174864596
4 0.6785782641934277 0.6265030353133685 0.09619268198597286 0.06410913879807012
4 0.7176080906884446 0.4923774513038368 0.09004281153562203 0.06556254464226878
4 0.6620694895164254 0.5066132751670988 0.09296755243632351 0.06249209172016936
1 0.8832109091638971 0.3802341871003773 0.16600453423772626 0.05752394805083529
0 0.48984375 0.196875 0.9796875 0.39375