4 0.04000808831519986 0.6573754356954513 0.08001617663039973 0.10679682028847229
2 0.43829299254465964 0.39186988373999965 0.12269335391920819 0.03096167211208343
2 0.5155003502247915 0.394757187976562 0.05523306927947225 0.020022865691319502
3 0.4517116687128409 0.6819857374634719 0.6224519423325034 0.5172719929692366
3 0.4705907346936078 0.9454299884134023 0.47437552586424747 0.09692051253652814
3 0.12564222835889466 0.9308655274510762 0.2512844567177893 0.1371051821800698
3 0.07172423581423504 0.3154964070101041 0.14344847162847008 0.5096321859797918
3 0.19992081433141426 0.40054094139503454 0.21114340314042074 0.22663915444465293
3 0.31891250673042454 0.3626389382609025 0.16188754922121246 0.19738675911805573
3 0.4347123176301196 0.12118336255718745 0.6305753647397608 0.2423667251143749
3 0.4393924912910184 0.38091419994440934 0.1304269490629279 0.13575827488562514
3 0.532418728754606 0.26944806345152733 0.28914873119538154 0.17068140159486136